0	0	10.1456774551956
3	0	8.64673869830785
4	0	7.44625622988956
7	0	6.65535182861255
13	0	5
15	0	3
21	0	3
26	0	4
29	0	3
31	0	4
0	1	11
3	1	8
4	1	7
5	1	10
6	1	6
7	1	6
9	1	4
12	1	3.50015411291679
16	1	3
17	1	3
19	1	4
20	1	3
26	1	4
28	1	3.50015411291679
40	1	3
41	1	4
46	1	5.25046573233074
61	1	4
0	2	11.8617072865859
4	2	8.86294724802092
8	2	5
9	2	5
10	2	5.3332434081152
11	2	3.8073549220576
12	2	4.50015411291679
14	2	5
15	2	4
24	2	7
30	2	3
34	2	5
36	2	4
0	3	11.999
1	3	10
3	3	11
4	3	6.40599235967584
6	3	4
8	3	4
11	3	2
13	3	5
22	3	4.04580368961313
31	3	4
32	3	2
43	3	5.22785040921546
45	3	2.41503749927884
49	3	2.41503749927884
50	3	3.41503749927884
54	3	3.1926450779424
55	3	5.07637538863168
56	3	3
57	3	4.41503749927884
58	3	3.44426052081948
61	3	4
62	3	4
63	3	3.20753504002006
64	3	5.41503749927884
68	3	2.41503749927884
0	4	10
3	4	9
4	4	7.58496250072116
6	4	7
7	4	8
31	4	4
0	5	11.999
3	5	9
6	5	6
7	5	6.51096191927738
8	5	5
9	5	5
10	5	5.3332434081152
11	5	4.58496250072116
12	5	4.50015411291679
14	5	5
15	5	4
24	5	7
30	5	3
31	5	4
34	5	5
36	5	4
0	6	10.7918140711618
3	6	8.50143914515887
4	6	7.49825086752783
6	6	6.0703893278914
7	6	6.20163386116965
8	6	5
9	6	5
11	6	3.32192809488736
12	6	4.50015411291679
13	6	5
14	6	5
15	6	3
21	6	3
24	6	7
26	6	4
30	6	3
31	6	4
34	6	5
0	7	11.7931155552743
3	7	9
6	7	6.51096191927738
7	7	6.20163386116965
8	7	5
9	7	5
11	7	3
12	7	4.50015411291679
13	7	5
14	7	5
15	7	3
21	7	3
24	7	7
26	7	4
30	7	3
34	7	5
36	7	4
0	8	10
3	8	8
4	8	7
6	8	5.26303440583379
7	8	6.20163386116965
8	8	5
9	8	5
10	8	4.3332434081152
12	8	4.50015411291679
13	8	5
14	8	5
15	8	3
21	8	3
24	8	7
26	8	4
30	8	3
31	8	4
34	8	5
36	8	4
0	9	9.04439411935845
3	9	8.29278174922785
4	9	6.51096191927738
7	9	5.80735492205761
8	9	5
9	9	5
10	9	4.3332434081152
12	9	4.50015411291679
14	9	5
15	9	3
21	9	3
24	9	7
26	9	4
28	9	4.50015411291679
29	9	3
30	9	3
31	9	4
36	9	4
0	10	11.4998458870832
4	10	7.79701297783615
7	10	7.15380533607904
8	10	5
9	10	5
12	10	4.50015411291679
13	10	5
14	10	5
24	10	7
26	10	4
28	10	4.50015411291679
30	10	3
31	10	4
34	10	5
36	10	4
0	11	11.4998458870832
3	11	9.49984588708321
4	11	8
6	11	7.29278174922785
7	11	7.12101540096137
8	11	5
11	11	3.8073549220576
12	11	4.50015411291679
13	11	5
14	11	5
15	11	3
21	11	3
24	11	7
26	11	4
30	11	3
31	11	4
34	11	5
36	11	4
1	12	11.999
4	12	11
6	12	9
8	12	4
13	12	5
22	12	4.04580368961313
31	12	4
32	12	2
36	12	3
37	12	2
43	12	5.22785040921546
49	12	2.41503749927884
0	13	10.5014391451589
3	13	9.49984588708321
4	13	8.49825086752783
6	13	8.49825086752783
8	13	5
9	13	5
11	13	5
12	13	4.50015411291679
13	13	5
14	13	5
15	13	3
21	13	3
24	13	7
26	13	4
30	13	3
34	13	5
36	13	4
0	14	8
2	14	11.999
3	14	10
4	14	11
5	14	11.999
6	14	10
7	14	8
10	14	6.3332434081152
13	14	5
15	14	3
16	14	3
17	14	3
19	14	4
20	14	3
21	14	3
26	14	4
28	14	3.50015411291679
29	14	3
35	14	2
40	14	3
41	14	4
46	14	5.25046573233074
56	14	3
61	14	4
0	15	8
3	15	9
4	15	10
6	15	9
7	15	8.49825086752783
8	15	7
9	15	5
11	15	6
14	15	5
15	15	4
24	15	7
28	15	4.50015411291679
29	15	4
30	15	3
34	15	5
36	15	4
3	16	9
4	16	10
6	16	9
7	16	8.49825086752783
8	16	7
9	16	5
11	16	6
12	16	4.50015411291679
15	16	4
24	16	7
28	16	4.50015411291679
29	16	4
30	16	3
34	16	5
36	16	4
1	17	6
3	17	11.999
4	17	11
6	17	10
8	17	8
11	17	2
13	17	5
22	17	4.04580368961313
31	17	4
32	17	2
33	17	3.3332434081152
36	17	3
37	17	2
43	17	5.22785040921546
49	17	2.41503749927884
0	18	9
3	18	9
6	18	10
7	18	8.49825086752783
8	18	7
9	18	5
11	18	6.32192809488736
12	18	4.50015411291679
14	18	5
15	18	4
24	18	7
28	18	4.50015411291679
29	18	4
30	18	3
36	18	4
0	19	7.37851162325373
3	19	9
4	19	11
6	19	8.86294724802092
7	19	7.75488750216347
8	19	6.32192809488736
9	19	5
12	19	4.50015411291679
13	19	5
14	19	5
15	19	3
21	19	3
24	19	7
25	19	5.1926450779424
26	19	4
28	19	4.50015411291679
29	19	3
30	19	3
31	19	4
34	19	5
36	19	4
0	20	8
3	20	10
4	20	11
6	20	9
7	20	7.33628338786443
8	20	6
9	20	5
11	20	6
12	20	4.50015411291679
14	20	5
15	20	3
21	20	3
24	20	7
26	20	4
28	20	4.50015411291679
29	20	3
30	20	3
34	20	5
36	20	4
0	21	7.76553474636298
1	21	3
3	21	9
4	21	10.9389914387755
8	21	9
11	21	5
13	21	5
31	21	4
32	21	2
37	21	2
43	21	5.22785040921546
49	21	2.41503749927884
50	21	3.41503749927884
54	21	3.1926450779424
55	21	5.07637538863168
56	21	3
57	21	4.41503749927884
62	21	4
63	21	3.20753504002006
69	21	3
0	22	7
3	22	8
4	22	10
6	22	10
10	22	5.01131531322783
13	22	5
15	22	3
21	22	3
29	22	3
0	23	7
2	23	11
3	23	8
4	23	11.999
5	23	11.999
6	23	8
7	23	8
9	23	4
10	23	6.3332434081152
12	23	3.50015411291679
16	23	3
17	23	3
19	23	4
20	23	3
26	23	4
28	23	3.50015411291679
35	23	2
40	23	3
41	23	4
58	23	3.44426052081948
61	23	4
0	24	5.67807190511264
3	24	7.86294724802092
4	24	10.4998458870832
6	24	7
7	24	9
10	24	5.59627781394899
15	24	3
21	24	3
26	24	4
29	24	3
31	24	4
3	25	8
6	25	9
7	25	7
10	25	5.3332434081152
0	26	7.58496250072116
3	26	8.29278174922785
4	26	11.999
6	26	9
7	26	8.6667565918848
8	26	8
9	26	5
11	26	6
12	26	4.50015411291679
13	26	5
14	26	5
15	26	3
21	26	3
24	26	7
26	26	4
28	26	4.50015411291679
29	26	3
34	26	5
36	26	4
0	27	5
3	27	8
4	27	11
6	27	8
7	27	8
10	27	5.3332434081152
13	27	5
15	27	3
21	27	3
26	27	4
29	27	3
3	28	7
4	28	11
6	28	8
10	28	6.3332434081152
0	29	8
3	29	8
4	29	11
6	29	11.999
7	29	6
10	29	6.3332434081152
0	30	7
2	30	10
4	30	11
5	30	11.999
6	30	8
7	30	7
9	30	4
10	30	7.3332434081152
12	30	3.50015411291679
16	30	3
17	30	3
19	30	4
26	30	4
28	30	3.50015411291679
35	30	2
40	30	3
41	30	4
46	30	5.25046573233074
56	30	3
58	30	3.44426052081948
61	30	4
0	31	7
3	31	8
4	31	10
6	31	11.999
7	31	6
10	31	6.01131531322783
13	31	5
15	31	3
21	31	3
26	31	4
29	31	3
1	32	3
3	32	8
4	32	11
6	32	9
8	32	11.999
11	32	7
13	32	5
22	32	6.04580368961313
31	32	6
36	32	3
43	32	5.22785040921546
49	32	2.41503749927884
0	33	5
3	33	6.58496250072116
4	33	9
6	33	7
7	33	7
10	33	11.3332434081152
15	33	8.58496250072116
21	33	7.58496250072116
26	33	9.58496250072116
29	33	8.58496250072116
0	34	5
3	34	8
4	34	9
6	34	8
7	34	10.6667565918848
8	34	11
9	34	11
10	34	7.3332434081152
11	34	7
12	34	6.50015411291679
13	34	5
14	34	5
21	34	6
24	34	7
26	34	7
28	34	6.50015411291679
29	34	7
30	34	7
34	34	5
36	34	4
0	35	5
3	35	6.58496250072116
6	35	8
10	35	11.999
13	35	8
15	35	8.58496250072116
21	35	8
26	35	10
29	35	9
0	36	5
3	36	7
4	36	8
6	36	6
7	36	10.4998458870832
8	36	11.5849625007212
9	36	11
10	36	7.3332434081152
11	36	7
12	36	6.50015411291679
14	36	7.32192809488736
15	36	4
24	36	7
28	36	6.50015411291679
29	36	7
30	36	7
34	36	5
0	37	5
3	37	7
4	37	10
6	37	7
7	37	11
10	37	7.3332434081152
0	38	5
3	38	7
4	38	9
6	38	7
7	38	10.4998458870832
8	38	11
9	38	11
10	38	7.62602515734304
11	38	7
12	38	6.50015411291679
14	38	8
15	38	4
24	38	7
28	38	6.50015411291679
29	38	7.32192809488736
30	38	6.58496250072116
34	38	5
36	38	4
3	39	7.39231742277876
4	39	9
6	39	7
7	39	10.4998458870832
8	39	11
9	39	11.3219280948874
11	39	7
12	39	6.50015411291679
13	39	5
14	39	7.32192809488736
21	39	6
24	39	7
25	39	7.1926450779424
26	39	7
28	39	6.50015411291679
29	39	6.49825086752783
30	39	7
34	39	5
36	39	4
2	40	9
3	40	8
4	40	9
5	40	11
6	40	7
7	40	11.999
10	40	7.72556083089396
12	40	3.50015411291679
13	40	5
15	40	6
16	40	8
17	40	3
19	40	7
20	40	8
21	40	7
26	40	7.79701297783615
28	40	7.50015411291679
29	40	7
35	40	2
40	40	3
41	40	4
46	40	5.25046573233074
56	40	3
58	40	3.44426052081948
61	40	4
0	41	5
3	41	8
4	41	9
7	41	10.6667565918848
8	41	10.8073549220576
9	41	11
10	41	7.27810185392274
11	41	7
12	41	6.50015411291679
13	41	5
14	41	8
21	41	6.58496250072116
24	41	7
26	41	7.58496250072116
29	41	7
30	41	7
36	41	4
0	42	7.58496250072116
3	42	8
4	42	9
7	42	10.4998458870832
8	42	10
9	42	11
10	42	8.49513109049209
11	42	5.58496250072116
12	42	6.3075090349744
14	42	5
15	42	4
29	42	5
30	42	4
34	42	5
0	43	7
3	43	8
4	43	10
6	43	8
7	43	10.9032793420561
8	43	11
9	43	11.999
10	43	7.98859523672775
11	43	7
12	43	6.82208220780416
14	43	7
15	43	4
24	43	7
28	43	6.50015411291679
29	43	7
30	43	7
34	43	5
36	43	4
1	44	3
3	44	6
4	44	9
8	44	9
10	44	8.96551162361471
11	44	10
13	44	9.6667565918848
15	44	10
21	44	8.63226821549951
22	44	9.04580368961313
26	44	9.50143914515887
27	44	10
29	44	8.50143914515887
31	44	9
32	44	4
33	44	3.3332434081152
36	44	3
43	44	5.22785040921546
49	44	2.41503749927884
1	45	3
3	45	3
4	45	4
6	45	4
8	45	4
10	45	9.3332434081152
13	45	11
15	45	10
20	45	10
21	45	9.49984588708321
22	45	8.04580368961313
23	45	11
26	45	10
27	45	10
31	45	8.49825086752783
32	45	4
33	45	5.3332434081152
36	45	3
37	45	2
43	45	5.22785040921546
49	45	2.41503749927884
0	46	5
2	46	5
3	46	3.58496250072116
5	46	8
7	46	6.51096191927738
8	46	9.8073549220576
9	46	8.49825086752783
10	46	9.72899173629423
11	46	10
13	46	9.91647664443772
14	46	10.6667565918848
16	46	11
17	46	11.999
18	46	11.4150374992788
19	46	11
20	46	11
21	46	9.39917109381982
24	46	10.5849625007212
25	46	11.7776075786636
26	46	10.6667565918848
28	46	10.6610339747561
29	46	10
30	46	11.999
31	46	10
33	46	6.3332434081152
34	46	5.32192809488736
36	46	4
40	46	3
41	46	4
46	46	5.25046573233074
56	46	3
58	46	3.44426052081948
0	47	5
2	47	5
3	47	3
5	47	8
6	47	4
7	47	6.40599235967584
8	47	10
9	47	9
11	47	10
12	47	11.4362030765934
13	47	9.49825086752783
14	47	10.4998458870832
15	47	10.6667565918848
16	47	11.999
17	47	11
18	47	11.4150374992788
19	47	11.999
20	47	11
21	47	9.39574832817903
24	47	10.1618876823769
25	47	11.999
28	47	10.5001541129168
29	47	9.60288440871842
30	47	11.6608872703026
31	47	10.5849625007212
33	47	6.3332434081152
34	47	5.48542682717024
36	47	4
40	47	3
41	47	4
46	47	5.25046573233074
56	47	3
58	47	3.44426052081948
61	47	4
10	48	10.3332434081152
11	48	10
13	48	10.5014391451589
14	48	11
15	48	10.4998458870832
18	48	11.4150374992788
21	48	9.49984588708321
29	48	11
35	48	9
11	49	11
13	49	11.999
14	49	11.999
15	49	11.999
21	49	11
29	49	11.999
35	49	10
11	50	11.999
13	50	11.999
14	50	11.999
21	50	11.999
29	50	11.999
35	50	9
10	51	11.3332434081152
11	51	10
13	51	10.5014391451589
15	51	11.4998458870832
18	51	11.999
21	51	10
29	51	11
35	51	8
2	52	5
5	52	5
7	52	5
8	52	8.32192809488736
11	52	8
12	52	10
15	52	9
16	52	10
17	52	10
19	52	11.999
20	52	11.999
26	52	11.999
28	52	10
29	52	9.58496250072116
30	52	10
34	52	6
36	52	4
40	52	3
41	52	4
46	52	5.25046573233074
56	52	3
58	52	3.44426052081948
61	52	4
2	53	5
5	53	5
7	53	6
8	53	9
9	53	8.10433665981474
10	53	8.65517150300256
11	53	9
12	53	10.1030385216352
14	53	10.8073549220576
15	53	10
16	53	11
17	53	9
19	53	11
20	53	11
24	53	9.49825086752783
26	53	11
28	53	10.5001541129168
29	53	10
30	53	10.4998458870832
34	53	6
35	53	5
36	53	4.80735492205761
40	53	3
41	53	4
46	53	5.25046573233074
56	53	3
58	53	3.44426052081948
61	53	4
0	54	5
1	54	3
3	54	3
4	54	4
6	54	4
8	54	4
11	54	8
15	54	7.29278174922785
20	54	11
22	54	11.999
23	54	11
24	54	8
26	54	10.2927817492278
27	54	11
29	54	8.52982094652869
31	54	8.49825086752783
32	54	5
33	54	7.58117092155878
35	54	7
36	54	3
37	54	2
43	54	5.22785040921546
45	54	2.41503749927884
49	54	2.41503749927884
50	54	3.41503749927884
54	54	3.1926450779424
55	54	5.07637538863168
56	54	3
57	54	4.41503749927884
58	54	3.44426052081948
61	54	4
62	54	4
63	54	3.20753504002006
64	54	5.41503749927884
68	54	2.41503749927884
69	54	3
11	55	10
13	55	11
14	55	11
15	55	11.999
21	55	11
29	55	11
35	55	9
10	56	9.3332434081152
21	56	7
23	56	11.999
24	56	11.999
27	56	11.999
31	56	9
35	56	8
10	57	7.3332434081152
13	57	7
15	57	7.58496250072116
21	57	8
26	57	11
29	57	10
2	58	5
5	58	5
7	58	5
10	58	8.3332434081152
11	58	7
12	58	8.96286086358695
13	58	7
14	58	10
15	58	8.66106547980695
16	58	9
19	58	9
21	58	10
24	58	10.7918140711618
26	58	11.4998458870832
28	58	10.6610339747561
29	58	10.9038818457362
30	58	11.7924649599799
34	58	7.49825086752783
35	58	7
36	58	4.32192809488736
40	58	3
41	58	4
46	58	5.25046573233074
56	58	3
58	58	3.44426052081948
61	58	4
10	59	9.3332434081152
13	59	7
20	59	7
21	59	7
23	59	11.999
24	59	11
27	59	11.999
29	59	11
31	59	9
35	59	9
2	60	5
5	60	5
7	60	6
8	60	7
11	60	7
12	60	8.66204179529369
14	60	10
15	60	8
16	60	9
17	60	8
19	60	9
20	60	11
24	60	11.3219280948874
26	60	11.999
28	60	11.999
29	60	11
30	60	11.8073549220576
34	60	10
35	60	8
36	60	7
40	60	3
41	60	7
46	60	5.25046573233074
56	60	3
58	60	3.44426052081948
61	60	4
0	61	5
3	61	3
6	61	4
7	61	5
10	61	8.13025638595134
13	61	7.32192809488736
15	61	8.0574502721839
21	61	8.79960542245267
25	61	11.1926450779424
26	61	10.4998458870832
29	61	10.7502045092799
31	61	11.5849625007212
33	61	8.3332434081152
34	61	9.79181407116183
35	61	9
0	62	5
5	62	5
6	62	4
10	62	8.3332434081152
11	62	7.32192809488736
12	62	7.99840498044462
13	62	6.76553474636298
14	62	10.5849625007212
15	62	8.27052894238072
16	62	9
17	62	8
19	62	9
20	62	11
21	62	8.83541884047548
24	62	9.32192809488736
27	62	11
29	62	10.8960296029768
30	62	11.999
31	62	11.999
33	62	6.91820590883635
34	62	8.99095486039699
35	62	9
36	62	7
40	62	3
41	62	7
46	62	5.25046573233074
56	62	3
58	62	3.44426052081948
61	62	4
1	63	3
3	63	3
4	63	4
6	63	4
8	63	4
10	63	7.83149427564302
15	63	7
20	63	7
21	63	8
24	63	8
26	63	9.50143914515887
29	63	10.4805882702339
31	63	10
32	63	7
33	63	5.84420532739258
34	63	8
35	63	8.49984588708321
36	63	3
37	63	5
43	63	5.22785040921546
1	64	3
3	64	3
4	64	4
6	64	4
8	64	4
13	64	5
22	64	4.04580368961313
26	64	8
29	64	9.59991284218713
30	64	7
31	64	7
32	64	9.33360262826828
33	64	9.8330892951984
34	64	9
35	64	10.5999128421871
36	64	5.74416109557041
38	64	7
40	64	7
43	64	5.22785040921546
49	64	2.41503749927884
0	65	5
1	65	3
3	65	3
4	65	4
6	65	4
8	65	4
10	65	6.1405983301728
11	65	6.58496250072116
15	65	4.58496250072116
21	65	5.29278174922785
22	65	8.36773178450049
26	65	8.79181407116183
30	65	7
31	65	8
32	65	10.4998458870832
33	65	10.8442053273926
35	65	10.3331553503106
36	65	7.62643913669732
37	65	8.49984588708321
40	65	5
43	65	7.46051116600573
49	65	2.41503749927884
54	65	3.1926450779424
55	65	5.07637538863168
57	65	4.41503749927884
58	65	3.44426052081948
61	65	4
62	65	4
63	65	3.20753504002006
64	65	5.41503749927884
68	65	2.41503749927884
10	66	6.53487726928485
13	66	6
15	66	5.94485844580754
21	66	5.10433665981474
26	66	9.02236781302845
29	66	8.55458885167764
32	66	8.33270793364061
33	66	7.73241450193502
34	66	11.16691625157
35	66	8.79960542245267
26	67	9
29	67	11.999
30	67	11
32	67	11.999
33	67	11.3332434081152
34	67	11
35	67	11.999
38	67	11
10	68	5.3332434081152
15	68	7
21	68	9
26	68	10.6667565918848
29	68	11.999
33	68	5.3332434081152
34	68	9
35	68	9
26	69	9
29	69	10
33	69	11.3332434081152
34	69	10
35	69	10
5	70	5
7	70	5
8	70	5
10	70	6.71175503136893
11	70	5.58496250072116
13	70	5.84799690655495
14	70	8
16	70	3
17	70	3
19	70	4
20	70	3
21	70	5.70043971814109
24	70	9.8073549220576
26	70	9.79701297783615
28	70	10.5001541129168
29	70	11.1158239774362
30	70	10.8644957026516
32	70	11.5999128421871
35	70	11.1428728867681
36	70	8.10852445677817
37	70	11.999
38	70	11
41	70	9
46	70	5.25046573233074
56	70	3
61	70	4
10	71	6.18124031467015
13	71	6
15	71	6
21	71	5.20163386116965
26	71	8.60288440871842
29	71	7.6667565918848
30	71	8
32	71	8.33270793364061
33	71	8.73241450193502
34	71	10.7996054224527
35	71	8.49984588708321
37	71	5
38	71	9
10	72	6.3332434081152
13	72	7
15	72	6
21	72	5
26	72	9.33270793364061
30	72	11
32	72	11.999
33	72	11.999
34	72	10.6667565918848
37	72	11.999
38	72	11
40	72	10
10	73	6.3332434081152
15	73	7
21	73	6
26	73	9.79960542245267
29	73	8.6667565918848
30	73	8
33	73	8.83468255327407
35	73	9
37	73	5
38	73	9
26	74	8
29	74	10
30	74	9
32	74	10
33	74	8.3332434081152
34	74	11.999
35	74	10
29	75	7
30	75	7.58496250072116
32	75	6.58496250072116
33	75	6.91820590883635
35	75	7
38	75	8
39	75	8
40	75	8.58496250072116
41	75	11
44	75	8.50015411291679
46	75	7.25046573233074
48	75	6.1926450779424
49	75	5
54	75	6
55	75	4.07637538863168
61	75	4
0	76	5
3	76	3
4	76	4
6	76	4
7	76	5
8	76	4
9	76	5
11	76	2
12	76	4.50015411291679
13	76	5
14	76	5
15	76	4
22	76	4.04580368961313
24	76	7
28	76	6.50015411291679
29	76	7.49825086752783
30	76	7
31	76	7
33	76	6.91820590883635
34	76	9.58496250072116
35	76	7
36	76	10.2172307162207
37	76	5
38	76	8
39	76	6.51727569320958
40	76	9
41	76	9.51727569320958
42	76	5.32454696533094
45	76	1.41503749927884
46	76	5.25046573233074
49	76	1.41503749927884
50	76	2.41503749927884
52	76	1
54	76	2.1926450779424
55	76	4.07637538863168
56	76	3
57	76	4.41503749927884
58	76	3.44426052081948
63	76	3.20753504002006
64	76	5.41503749927884
68	76	2.41503749927884
69	76	3
26	77	8
30	77	10
32	77	11
33	77	10.6668460363835
37	77	11
38	77	11
26	78	9
29	78	10.5172756932096
32	78	11.999
33	78	10.1328488305679
34	78	10.4998458870832
35	78	10.7999291507253
36	78	8
38	78	11
40	78	9
26	79	9
29	79	10.6667565918848
30	79	10
32	79	11
33	79	10.3332434081152
34	79	10.4998458870832
35	79	10.6667565918848
37	79	11.999
38	79	11
1	80	3
3	80	3
4	80	4
6	80	4
8	80	4
11	80	5.58496250072116
22	80	4.04580368961313
26	80	8
29	80	9
30	80	6
31	80	7
33	80	9.13284883056787
34	80	7
35	80	9
36	80	6
38	80	7
40	80	7
43	80	7.22785040921546
49	80	4.41503749927884
29	81	11
30	81	10
32	81	11.1999176802746
33	81	10.3332434081152
34	81	10.4998458870832
35	81	11
36	81	8
37	81	11.999
38	81	11.2000403323504
40	81	9
2	82	5
5	82	5
7	82	5
8	82	5
11	82	3
12	82	3.50015411291679
14	82	6
15	82	4
16	82	3
17	82	3
19	82	4
20	82	3
24	82	8
26	82	9.50143914515887
28	82	10
30	82	10
32	82	11.999
33	82	10.3332434081152
34	82	11
35	82	10
36	82	8.32192809488736
38	82	11.999
40	82	8
41	82	10
46	82	5.25046573233074
56	82	3
58	82	3.44426052081948
26	83	8
29	83	9.6667565918848
30	83	7
32	83	11
33	83	9.3332434081152
34	83	7
35	83	9
37	83	11.999
38	83	10
26	84	7.49825086752783
29	84	9
30	84	6.6667565918848
32	84	11
33	84	8.3332434081152
34	84	5.48542682717024
35	84	9
37	84	10
38	84	10
26	85	8
29	85	10
30	85	8
32	85	10
33	85	8.3332434081152
34	85	8
35	85	9
38	85	11
26	86	8
29	86	10
30	86	9.80025280637239
32	86	10
33	86	9.13284883056787
34	86	9.50143914515887
35	86	9.80025280637239
36	86	8
37	86	11
38	86	11
40	86	9
29	87	9
30	87	8
32	87	10
33	87	8.3332434081152
34	87	9
35	87	8
38	87	10
26	88	8
29	88	8.33270793364061
30	88	8.33270793364061
32	88	10
34	88	11.4998458870832
35	88	9
37	88	10
26	89	9
29	89	9
30	89	10
32	89	10
34	89	10
35	89	10
38	89	11
29	90	8
30	90	7
32	90	11
33	90	8.3332434081152
34	90	6
35	90	7
38	90	7
29	91	8.6667565918848
30	91	7.6667565918848
32	91	10.3331553503106
34	91	9.50143914515887
35	91	10
37	91	9
38	91	9.33315535031062
26	92	8
29	92	10
30	92	9
32	92	10.6667565918848
33	92	9
34	92	9.50143914515887
35	92	10
37	92	11
38	92	11
26	93	8
29	93	10
32	93	11.999
34	93	10.4998458870832
35	93	11
36	93	7
37	93	11.999
38	93	11
40	93	8
26	94	8
29	94	11
30	94	11
32	94	11
33	94	8.3332434081152
34	94	11
38	94	11
32	95	11
33	95	7.3332434081152
35	95	7
36	95	7
38	95	8
39	95	11.999
42	95	9.8391201381607
44	95	11.5001541129168
45	95	3.41503749927884
46	95	7.25046573233074
48	95	7.98445914910422
49	95	4.22239242133645
50	95	2.41503749927884
52	95	3
54	95	2.1926450779424
61	95	4.84799690655495
26	96	9
29	96	11
30	96	10
32	96	11
33	96	10.3332434081152
35	96	11
37	96	11.999
2	97	5
5	97	5
9	97	4
12	97	3.50015411291679
16	97	3
17	97	3
19	97	4
20	97	3
28	97	9.50015411291679
29	97	8
30	97	8
32	97	6.39917109381982
33	97	7.3332434081152
34	97	11
36	97	10
37	97	7
38	97	9.40002551791402
40	97	10.5999128421871
41	97	11.4998458870832
46	97	5.25046573233074
56	97	3
58	97	3.44426052081948
61	97	5
26	98	6
29	98	7
30	98	8
32	98	7
33	98	7.3332434081152
34	98	10
35	98	8
36	98	8
37	98	7
38	98	9
40	98	10
48	98	6
49	98	3.41503749927884
52	98	4
54	98	5.51457317282976
55	98	5.07637538863168
61	98	4.84799690655495
29	99	11.4998458870832
30	99	10.4998458870832
32	99	11.5000451405938
33	99	10.3332434081152
35	99	11.5000451405938
36	99	8.50143914515887
38	99	11
40	99	9
29	100	8
32	100	6
33	100	6.83149427564302
35	100	8
36	100	10
38	100	9.49984588708321
40	100	11
48	100	5.1926450779424
49	100	1.41503749927884
52	100	3
54	100	4.04064198449735
61	100	4.58496250072116
29	101	6.6667565918848
30	101	7.33270793364061
32	101	5.33628338786443
33	101	5.3332434081152
35	101	7
38	101	8.33360262826828
48	101	7.1926450779424
49	101	6
52	101	5.80735492205761
54	101	6.77760757866355
55	101	5.07637538863168
61	101	5.32192809488736
29	102	10
30	102	10
32	102	11
35	102	10
36	102	8
38	102	10
40	102	8
29	103	6
30	103	7
32	103	5
33	103	6.3332434081152
35	103	7
36	103	9
38	103	8
40	103	10
48	103	4.77760757866355
49	103	1.41503749927884
52	103	4
55	103	4.07637538863168
61	103	5.32192809488736
2	104	5
5	104	5
9	104	4
12	104	3.50015411291679
16	104	3
17	104	3
19	104	4
20	104	3
26	104	4
28	104	9.50015411291679
30	104	7
32	104	5
33	104	6.3332434081152
35	104	6.33628338786443
36	104	9
38	104	8
39	104	4.82781902461732
40	104	9.6667565918848
41	104	11.999
44	104	7.50015411291679
45	104	4.41503749927884
47	104	7.44234484527458
51	104	9
52	104	5
53	104	6.85381320850926
55	104	7.07637538863168
57	104	6.41503749927884
29	105	7
30	105	7
32	105	4.74416109557041
35	105	7
36	105	9.74953426766926
38	105	8
40	105	10
41	105	11.999
48	105	6.1926450779424
49	105	4.41503749927884
52	105	4.32192809488736
54	105	4.1926450779424
55	105	6.07637538863168
29	106	7
30	106	8
32	106	5
33	106	6.3332434081152
35	106	8
36	106	11
38	106	9
40	106	11
49	106	3.26303440583379
52	106	4
54	106	4.04064198449735
55	106	4.07637538863168
61	106	5
29	107	6.58496250072116
32	107	5
33	107	6.3332434081152
35	107	6
36	107	9
38	107	8
40	107	9
48	107	5.77760757866355
49	107	5
52	107	4.80735492205761
54	107	5.51457317282976
55	107	6.66133788935284
61	107	6.58496250072116
29	108	7
30	108	7
32	108	5
33	108	6.3332434081152
35	108	7
36	108	10
38	108	9
40	108	10.5849625007212
29	109	7
30	109	7
32	109	6
33	109	7.3332434081152
35	109	7
36	109	10
38	109	8
40	109	11
48	109	5.1926450779424
49	109	3.41503749927884
52	109	4
54	109	4.04064198449735
55	109	4.07637538863168
61	109	5
30	110	8
32	110	5
33	110	6.3332434081152
35	110	7
36	110	10
38	110	9
40	110	11
48	110	4.04064198449735
49	110	1.41503749927884
52	110	3.32192809488736
54	110	3.1926450779424
55	110	4.07637538863168
61	110	4
29	111	6.58496250072116
30	111	7
32	111	5
33	111	6.3332434081152
35	111	7
38	111	8
40	111	10
48	111	5
49	111	1.41503749927884
52	111	4
54	111	3.1926450779424
55	111	4.07637538863168
61	111	4
29	112	8
30	112	8
33	112	7.3332434081152
35	112	8
36	112	10
38	112	9
40	112	11
48	112	4.1926450779424
49	112	1.41503749927884
52	112	3.32192809488736
54	112	3.1926450779424
61	112	5
29	113	7
30	113	7
32	113	6
33	113	7.3332434081152
35	113	8
36	113	11
38	113	9
40	113	11
49	113	4.41503749927884
52	113	4.32192809488736
54	113	5
55	113	5.07637538863168
30	114	8
32	114	6
33	114	7.3332434081152
36	114	10
38	114	9.6667565918848
40	114	11
48	114	5.1926450779424
49	114	1.41503749927884
52	114	4
54	114	3.1926450779424
55	114	4.07637538863168
61	114	4
29	115	8
30	115	8
32	115	5
33	115	6.3332434081152
35	115	9
36	115	10
38	115	9
40	115	11
48	115	5.1926450779424
49	115	1.41503749927884
52	115	4
54	115	3.1926450779424
55	115	4.07637538863168
61	115	4
29	116	8
32	116	6
33	116	6.83149427564302
35	116	8
36	116	10
38	116	9.49984588708321
40	116	11
49	116	3.41503749927884
52	116	4
54	116	3.45567948377619
55	116	4.07637538863168
61	116	4.58496250072116
29	117	7
30	117	8
32	117	6
33	117	7.3332434081152
35	117	8
36	117	11
40	117	11
48	117	4.77760757866355
49	117	1.41503749927884
52	117	3.58496250072116
54	117	3.45567948377619
55	117	4.07637538863168
61	117	4
29	118	8
30	118	9
33	118	6.3332434081152
35	118	9
38	118	10
40	118	11
48	118	5.77760757866355
49	118	3.41503749927884
52	118	4
54	118	4.1926450779424
55	118	4.07637538863168
61	118	5
0	119	5
1	119	3
3	119	3
4	119	4
6	119	4
8	119	4
11	119	2
13	119	5
31	119	4
35	119	5
36	119	5.98185265328974
37	119	4
38	119	5
39	119	11.999
40	119	5
41	119	6.4594316186373
43	119	11.999
44	119	11.999
45	119	5.67807190511264
46	119	7.25046573233074
48	119	8.1926450779424
49	119	5.69302224657861
50	119	3.41503749927884
54	119	4.39427893911205
55	119	5.66133788935284
56	119	5.86789646399266
57	119	5.09310940439148
58	119	5.70729492665328
61	119	6.26303440583379
62	119	4.58496250072116
63	119	3.20753504002006
64	119	6.61667136044849
68	119	2.41503749927884
29	120	7
30	120	8
32	120	6
33	120	6.3332434081152
35	120	7
36	120	9
38	120	10
40	120	11
48	120	5
49	120	1.41503749927884
52	120	3.58496250072116
54	120	3.1926450779424
61	120	4.58496250072116
29	121	6
30	121	6
32	121	5
33	121	6.3332434081152
35	121	6
36	121	9
38	121	7
40	121	9
48	121	4.1926450779424
49	121	3.41503749927884
54	121	4.1926450779424
55	121	4.07637538863168
61	121	5
29	122	5
30	122	6
35	122	6
36	122	8.33270793364061
38	122	7
40	122	9
48	122	5.1926450779424
49	122	3.41503749927884
52	122	4
54	122	3.45567948377619
55	122	4.07637538863168
61	122	4
32	123	2
33	123	4.3332434081152
35	123	4
36	123	5
38	123	5
39	123	8
40	123	5
41	123	4
42	123	10.8391201381607
44	123	9.50015411291679
46	123	8.25046573233074
29	124	6
35	124	7
36	124	10
38	124	9
40	124	10
48	124	3.1926450779424
52	124	2.84799690655495
54	124	2.1926450779424
55	124	4.07637538863168
61	124	4
29	125	6
30	125	7
32	125	5
33	125	6.3332434081152
35	125	7
36	125	10
38	125	8
40	125	10
48	125	5
49	125	1.41503749927884
52	125	4
54	125	3.45567948377619
61	125	4
29	126	7
30	126	8
32	126	6
33	126	7.3332434081152
35	126	8
36	126	10
38	126	9
40	126	10
48	126	5.1926450779424
49	126	3.26303440583379
54	126	4.1926450779424
55	126	4.07637538863168
61	126	6
29	127	6
32	127	5
33	127	6.3332434081152
35	127	7
36	127	10
38	127	8
40	127	10
48	127	5.1926450779424
49	127	3.41503749927884
52	127	4.58496250072116
54	127	4.77760757866355
55	127	5.07637538863168
61	127	5
29	128	7
32	128	6
33	128	6.3332434081152
35	128	8
38	128	9
40	128	10
48	128	6.1926450779424
49	128	4.41503749927884
52	128	4
54	128	4.1926450779424
55	128	5.92437229518663
61	128	5
29	129	7
30	129	7
32	129	5
35	129	7
36	129	10
38	129	9
40	129	11
48	129	5.1926450779424
49	129	2.41503749927884
52	129	4
54	129	3.1926450779424
61	129	5.58496250072116
29	130	8
30	130	8
32	130	6
33	130	6.3332434081152
35	130	8
36	130	10
38	130	9
40	130	11
48	130	5.1926450779424
49	130	3.41503749927884
52	130	4
54	130	3.1926450779424
55	130	4.07637538863168
61	130	4
29	131	8
30	131	8
35	131	8
36	131	10
38	131	9
48	131	5.77760757866355
49	131	3
54	131	4.1926450779424
55	131	5.92437229518663
61	131	5.58496250072116
30	132	7
32	132	5
33	132	6.3332434081152
35	132	7
36	132	10
40	132	10
48	132	5.1926450779424
49	132	3.26303440583379
52	132	3
54	132	4.77760757866355
55	132	4.07637538863168
61	132	5
29	133	8
30	133	9
32	133	7
33	133	6.3332434081152
35	133	9
36	133	11
38	133	10
40	133	11.999
48	133	5.1926450779424
49	133	3
52	133	4
54	133	4.77760757866355
61	133	5
32	134	11
33	134	6.3332434081152
35	134	8
36	134	6.6667565918848
38	134	8
39	134	11.3333790066231
40	134	5
41	134	7.6667565918848
42	134	10.4210738890095
44	134	11.5001541129168
45	134	5.73696559416621
46	134	6.25046573233074
49	134	6.22239242133645
50	134	4.26303440583379
52	134	4.80735492205761
54	134	4.77760757866355
61	134	6.80735492205761
29	135	9
30	135	10
33	135	7.3332434081152
35	135	9
36	135	11
38	135	11
40	135	11.999
48	135	4.51457317282976
49	135	3.41503749927884
52	135	4
54	135	3.1926450779424
55	135	4.07637538863168
61	135	4.58496250072116
29	136	7
30	136	8
32	136	6
33	136	7.3332434081152
35	136	7
36	136	10
38	136	9
40	136	11
48	136	4.51457317282976
49	136	2.41503749927884
52	136	3.8073549220576
54	136	4.1926450779424
61	136	4.84799690655495
29	137	7
30	137	7
32	137	5
33	137	7.3332434081152
35	137	7
36	137	11
38	137	9
40	137	11
48	137	4.1926450779424
49	137	2.41503749927884
52	137	3.8073549220576
54	137	3.45567948377619
55	137	4.07637538863168
61	137	4.26303440583379
29	138	7
30	138	7
32	138	6
33	138	6.3332434081152
35	138	7
36	138	9
40	138	10
48	138	4.1926450779424
52	138	2.84799690655495
54	138	3.1926450779424
55	138	4.07637538863168
61	138	4
29	139	7
30	139	7
33	139	6.3332434081152
35	139	8
36	139	9
38	139	8
40	139	10
48	139	6.1926450779424
49	139	3.41503749927884
54	139	4.77760757866355
55	139	7.39830348351904
61	139	6.32192809488736
29	140	6
30	140	7
32	140	5
33	140	6.3332434081152
35	140	7
36	140	9
40	140	10
48	140	5.1926450779424
49	140	1.41503749927884
54	140	3.1926450779424
55	140	5.07637538863168
61	140	6
29	141	7
30	141	8
33	141	7.3332434081152
35	141	7
36	141	10
38	141	9
40	141	11
48	141	3.1926450779424
52	141	1
54	141	2.1926450779424
55	141	4.07637538863168
61	141	3
29	142	9
30	142	9
32	142	5.49825086752783
33	142	6.83149427564302
35	142	8.49984588708321
36	142	10
38	142	10
40	142	11
48	142	4.77760757866355
49	142	1.41503749927884
52	142	3
54	142	3.45567948377619
55	142	4.07637538863168
61	142	4
29	143	7
30	143	7
32	143	5
33	143	6.3332434081152
35	143	7
36	143	10
38	143	9
40	143	11
48	143	5
49	143	3.41503749927884
52	143	4
54	143	4.1926450779424
55	143	4.07637538863168
61	143	5.32192809488736
29	144	6
30	144	7
32	144	4.58496250072116
33	144	6.3332434081152
35	144	6
36	144	9
38	144	8
40	144	10
48	144	4.1926450779424
49	144	1.41503749927884
52	144	1
55	144	4.07637538863168
61	144	5
30	145	6
32	145	5
33	145	6.3332434081152
36	145	10
40	145	10
48	145	3.1926450779424
52	145	1
54	145	2.1926450779424
55	145	4.07637538863168
61	145	4
29	146	7
30	146	7
32	146	5
33	146	6.3332434081152
35	146	7
36	146	9
38	146	8
40	146	10.5849625007212
48	146	5.77760757866355
49	146	4.41503749927884
52	146	4
54	146	5
55	146	6.07637538863168
61	146	6.58496250072116
29	147	7.33628338786443
30	147	7.33270793364061
32	147	5.33628338786443
33	147	5.65517150300256
35	147	7.33270793364061
36	147	9.33270793364061
38	147	9
48	147	4.1926450779424
49	147	1.41503749927884
52	147	3.32192809488736
54	147	2.1926450779424
55	147	4.07637538863168
61	147	4
29	148	6
30	148	6
32	148	4
33	148	5.3332434081152
35	148	6
36	148	9
38	148	7
40	148	10
48	148	5
49	148	3.26303440583379
52	148	3.32192809488736
54	148	3.77760757866355
55	148	5.07637538863168
61	148	5
29	149	8
30	149	8
32	149	6
33	149	6.3332434081152
36	149	9
38	149	9
40	149	10
48	149	5.1926450779424
49	149	1.41503749927884
52	149	2.84799690655495
54	149	3.1926450779424
55	149	5.07637538863168
61	149	5
29	150	7
30	150	8
32	150	6
33	150	7.3332434081152
35	150	8
36	150	11
38	150	8
40	150	11
29	151	5.51096191927738
30	151	7
33	151	5.84420532739258
35	151	6.49825086752783
36	151	8.50143914515887
38	151	7.49984588708321
40	151	9.49984588708321
48	151	4.1926450779424
49	151	1.41503749927884
52	151	4
54	151	3.1926450779424
55	151	4.07637538863168
61	151	4
29	152	6
30	152	7
32	152	6
33	152	7.3332434081152
35	152	7
36	152	9
38	152	7
40	152	10
48	152	3.1926450779424
52	152	3
54	152	2.1926450779424
55	152	4.07637538863168
61	152	4
30	153	6
32	153	5
33	153	6.3332434081152
35	153	6
36	153	9
38	153	7
40	153	9
48	153	4.1926450779424
52	153	4
54	153	5.1926450779424
55	153	4.07637538863168
61	153	5
33	154	3.3332434081152
35	154	2
38	154	3
39	154	6.49825086752783
40	154	5
42	154	9.77457988596598
44	154	10.5001541129168
45	154	5.41503749927884
46	154	7.25046573233074
48	154	10.0959244199985
49	154	6.41503749927884
50	154	3.41503749927884
54	154	5
61	154	5.80735492205761
29	155	7
30	155	8
32	155	6
33	155	6.3332434081152
35	155	7
36	155	9
38	155	10
40	155	10
48	155	4.1926450779424
49	155	1.41503749927884
52	155	1
54	155	2.1926450779424
55	155	4.07637538863168
61	155	4
29	156	7
30	156	7
35	156	6
36	156	9
38	156	8
48	156	5.77760757866355
49	156	4
52	156	4.58496250072116
54	156	4.1926450779424
55	156	4.07637538863168
61	156	5.58496250072116
32	157	5
33	157	5.3332434081152
35	157	5
36	157	8
38	157	6
40	157	5
41	157	5
42	157	11.3389660252439
45	157	7.41503749927884
48	157	10.5960832409507
49	157	8.61077879252529
52	157	8.90327934205614
54	157	7.1926450779424
55	157	6.07637538863168
61	157	7
32	158	8
33	158	8.3332434081152
35	158	10
36	158	10
38	158	7
40	158	10
41	158	11
42	158	5.8391201381607
48	158	6
49	158	2.41503749927884
52	158	3
54	158	3.1926450779424
55	158	4.07637538863168
29	159	8
30	159	8.49984588708321
32	159	6
33	159	6.83149427564302
35	159	8
36	159	10
38	159	9.49984588708321
40	159	11
48	159	5.1926450779424
49	159	3
52	159	3.8073549220576
54	159	3.1926450779424
55	159	5.07637538863168
61	159	4.58496250072116
32	160	6
33	160	6.3332434081152
35	160	8
36	160	9
38	160	9
41	160	11
42	160	6.8391201381607
32	161	6
33	161	5.3332434081152
35	161	8
36	161	9
38	161	9
39	161	7
40	161	10
41	161	11.999
42	161	6.32454696533094
44	161	8.50015411291679
46	161	5.25046573233074
48	161	6.1926450779424
49	161	3
54	161	3.77760757866355
55	161	4.07637538863168
61	161	4.84799690655495
29	162	8
30	162	9
32	162	7
33	162	7.83149427564302
35	162	8.49984588708321
36	162	10.4998458870832
38	162	9.49984588708321
40	162	11
48	162	5.1926450779424
49	162	4
52	162	3
54	162	4.1926450779424
55	162	4.07637538863168
61	162	4
29	163	9
30	163	8
33	163	8.3332434081152
35	163	8
36	163	11.999
38	163	8
40	163	11.999
32	164	2
33	164	3.3332434081152
35	164	2
36	164	5
38	164	4
39	164	8
41	164	4
42	164	10.2417058963933
45	164	7
48	164	9.59693514238723
50	164	5.41503749927884
52	164	8.58496250072116
54	164	6.59863743761823
55	164	5.33940979446547
61	164	6.4594316186373
32	165	5
33	165	5.3332434081152
35	165	7
36	165	9
38	165	9
40	165	10
41	165	11
42	165	5.8391201381607
48	165	6.77760757866355
49	165	6
52	165	5
55	165	7.07637538863168
61	165	6.58496250072116
0	166	5
4	166	4
22	166	4.04580368961313
33	166	3.3332434081152
36	166	3
42	166	9.42408263888185
43	166	8.7132772363857
45	166	9.57692518165574
46	166	10.2504657323307
47	166	9.44234484527458
50	166	7.48542682717024
51	166	10
52	166	8
54	166	7.98445914910422
55	166	7.39830348351904
56	166	9.89602960297675
57	166	8.90046432644909
58	166	10.1223324259321
61	166	7.54843662469604
62	166	4.58496250072116
63	166	3.20753504002006
68	166	2.41503749927884
36	167	5.53605290024021
39	167	6.88752527074159
42	167	9.73636056373549
46	167	8.25046573233074
47	167	11.4423448452746
48	167	9.47248777146274
49	167	6.89400930431179
50	167	6.22239242133645
51	167	9.29278174922785
54	167	7.1926450779424
56	167	9.54225804976692
61	167	7.58496250072116
36	168	6
39	168	8
41	168	6
42	168	9.8391201381607
44	168	9.99840498044462
36	169	5
39	169	7
41	169	6
42	169	9.74119371747144
44	169	9.50015411291679
45	169	11.5849625007212
48	169	10.7776075786636
49	169	10.5849625007212
50	169	8.41503749927884
52	169	10.1699250014423
54	169	9.1926450779424
61	169	8.8073549220576
36	170	6
39	170	7
41	170	6
42	170	9.00100782053759
44	170	9.50015411291679
45	170	9.41503749927884
48	170	10.5145731728298
49	170	9.73696559416621
50	170	7.41503749927884
52	170	8.8073549220576
54	170	7.77760757866355
61	170	6.32192809488736
36	171	7
39	171	7.66106547980695
41	171	8
44	171	10.5001541129168
45	171	9.22239242133645
48	171	11.1926450779424
49	171	10.7369655941662
50	171	9
52	171	10.3219280948874
54	171	10.1926450779424
61	171	7.58496250072116
32	172	6
33	172	6.3332434081152
35	172	8
36	172	10
38	172	9
40	172	11
41	172	11.999
42	172	7.8391201381607
48	172	4.1926450779424
52	172	1
54	172	2.1926450779424
55	172	4.07637538863168
61	172	4
5	173	5
9	173	4
12	173	3.50015411291679
16	173	3
17	173	3
19	173	4
20	173	3
26	173	4
28	173	3.50015411291679
33	173	5.3332434081152
35	173	4.51096191927738
36	173	5.70043971814109
38	173	6
39	173	7.47248777146274
40	173	3
42	173	10.807210890206
44	173	10.4308914504797
45	173	6.41503749927884
46	173	8.58674912019517
49	173	8.54019263060113
52	173	8
53	173	9.04758495190594
54	173	7.1926450779424
55	173	8.07637538863168
56	173	10.6387978999517
58	173	8.81929995216641
60	173	8
61	173	7.73335434061383
62	173	6.29278174922785
63	173	7.20753504002006
66	173	4.41503749927884
69	173	7
32	174	5
33	174	5.3332434081152
38	174	6
39	174	7
40	174	5
41	174	6
42	174	10.3405592833196
48	174	10.5145731728298
49	174	9.22239242133645
50	174	8.41503749927884
52	174	9
54	174	8.77760757866355
61	174	7.80735492205761
32	175	5
33	175	5.3332434081152
35	175	7
36	175	8
38	175	8
40	175	10
41	175	11
42	175	7.8391201381607
48	175	5.77760757866355
49	175	1.41503749927884
54	175	3.1926450779424
55	175	4.07637538863168
61	175	4.58496250072116
32	176	5
33	176	5.3332434081152
35	176	5
36	176	6
38	176	6
39	176	8
40	176	5
41	176	6
42	176	11.3389660252439
45	176	11.999
48	176	11.1926450779424
49	176	11.999
50	176	9.41503749927884
52	176	11.5849625007212
54	176	9.77760757866355
61	176	8.58496250072116
32	177	6
33	177	5.3332434081152
35	177	5
36	177	6
38	177	6
39	177	7
40	177	5
42	177	11.1319018873885
45	177	5.41503749927884
48	177	10.7776075786636
52	177	7.80735492205761
54	177	5.1926450779424
61	177	5.80735492205761
2	178	5
5	178	5
9	178	4
12	178	3.50015411291679
16	178	3
17	178	3
19	178	4
20	178	3
26	178	4
28	178	3.50015411291679
35	178	4
36	178	6
39	178	4.32192809488736
40	178	3
41	178	5.53605290024021
42	178	7.60465488452367
45	178	7.36457243229586
47	178	7.44234484527458
48	178	7.53605290024021
49	178	7.49398884067367
50	178	10.7369655941662
51	178	10
52	178	7.58496250072116
54	178	10.5145731728298
58	178	8.44426052081948
61	178	9.08321336824898
32	179	7
33	179	8.3332434081152
35	179	7
36	179	7
38	179	7
39	179	8
40	179	6
42	179	11.999
45	179	10.2223924213364
48	179	10.5960832409507
49	179	8.86789646399265
50	179	8.22239242133645
52	179	9.8073549220576
54	179	7.85371055774934
55	179	6.07637538863168
32	180	7
33	180	7.3332434081152
35	180	7
36	180	8
38	180	8
40	180	6
41	180	7
42	180	11.8391201381607
32	181	6
33	181	6.3332434081152
35	181	6
36	181	6
38	181	6
39	181	6.32192809488736
40	181	5
45	181	4.41503749927884
48	181	9.51457317282976
49	181	6
50	181	5
52	181	7
54	181	6.1926450779424
61	181	5
32	182	6
35	182	5
36	182	6
38	182	6
39	182	6.80735492205761
40	182	5
45	182	5.58496250072116
48	182	10
49	182	7
50	182	5.22239242133645
52	182	7.58496250072116
54	182	6.36257007938471
61	182	6
32	183	6
33	183	5.3332434081152
35	183	6
36	183	6
38	183	6
39	183	6
40	183	5
41	183	6
45	183	5
48	183	9.1926450779424
49	183	6.41503749927884
50	183	4.26303440583379
52	183	7.16992500144231
54	183	4.39427893911205
61	183	5
32	184	5
33	184	5.3332434081152
35	184	6
36	184	8
38	184	7
40	184	9
41	184	10
48	184	5.1926450779424
52	184	2
54	184	2.1926450779424
55	184	4.07637538863168
33	185	3.3332434081152
35	185	7
36	185	8
38	185	6
40	185	5
41	185	7
42	185	11.8391201381607
2	186	5
5	186	5
9	186	4
12	186	3.50015411291679
16	186	3
17	186	3
19	186	4
20	186	3
26	186	4
28	186	3.50015411291679
35	186	4
36	186	5.96347412397489
40	186	3
41	186	6.26303440583379
42	186	9.8391201381607
44	186	9.50015411291679
45	186	9.41503749927884
48	186	10.6924909650256
51	186	11.4998458870832
52	186	9
53	186	10.8538132085093
54	186	8.1926450779424
56	186	11.5834589101308
58	186	11.1585060384856
60	186	8.60288440871842
61	186	8.21723071622067
62	186	7.29278174922785
63	186	7.20753504002006
66	186	4.41503749927884
36	187	6
39	187	8.19574129324645
41	187	6
42	187	10.9455522159776
44	187	11.0015932580757
45	187	8
48	187	10.7776075786636
49	187	8.73696559416621
50	187	6.41503749927884
52	187	10
54	187	8.1926450779424
61	187	6.80735492205761
36	188	5
39	188	4.94485844580754
41	188	5
42	188	8.77457988596598
44	188	8.50015411291679
45	188	10
48	188	9.32398761706566
49	188	9.22239242133645
52	188	7.79181407116183
54	188	7.59863743761823
55	188	6.07637538863168
61	188	6.90689059560852
36	189	6
41	189	6
42	189	6.8391201381607
44	189	7.82208220780416
46	189	11.2504657323307
48	189	8.12810482574769
49	189	7.41503749927884
50	189	10.4150374992788
52	189	7.58496250072116
54	189	10.1926450779424
61	189	8
36	190	7
39	190	9.44045394382303
41	190	7
42	190	11.774579885966
44	190	11.5001541129168
45	190	10.2223924213364
48	190	11
49	190	9.22239242133645
50	190	9.41503749927884
52	190	9.32192809488736
54	190	10
61	190	8.58496250072116
36	191	6
39	191	5.54843662469604
42	191	9.08704765160428
44	191	8.70178797408645
45	191	5.22239242133645
46	191	10.2504657323307
48	191	8.59523083617498
49	191	7
50	191	9.22239242133645
52	191	7.32192809488736
54	191	8
61	191	9.32192809488736
36	192	6.79701297783615
39	192	8.10643207781693
41	192	6
42	192	11.3673788809191
44	192	11.0015932580757
45	192	7.41503749927884
48	192	11.5145731728298
49	192	8.22239242133645
50	192	6.41503749927884
52	192	9.58496250072116
54	192	8.1926450779424
61	192	7.32192809488736
36	193	6
39	193	6.5298209465287
41	193	5
42	193	10.1718280718013
45	193	10.4150374992788
49	193	10.4150374992788
52	193	10.3219280948874
54	193	9.1926450779424
61	193	8.58496250072116
36	194	5.32192809488736
39	194	7.18982455888002
42	194	10.0908392307667
44	194	9.83643750078123
45	194	4.95109039951905
46	194	7.5723938272181
47	194	11.4423448452746
48	194	9.72714251168057
49	194	7.39231742277876
50	194	4.41503749927884
51	194	8
52	194	9.16992500144231
54	194	6
56	194	10
61	194	5.80735492205761
35	195	8
36	195	8
38	195	9
40	195	9
41	195	11
42	195	6.8391201381607
1	196	3
4	196	4
6	196	4
11	196	2
13	196	5
22	196	4.04580368961313
31	196	4
32	196	3
33	196	3.3332434081152
37	196	2
39	196	6.8972404255748
41	196	4
42	196	10.5001856179676
43	196	9.22785040921546
44	196	10.1612195927237
46	196	8.07828475694806
47	196	10.4423448452746
48	196	9.79106983847012
49	196	7.0703893278914
51	196	8
52	196	8
53	196	8.85381320850926
54	196	5
55	196	6.07637538863168
56	196	8.03562390973072
57	196	9.41503749927884
58	196	7.44426052081948
61	196	6
32	197	2
33	197	3.3332434081152
35	197	2
38	197	3
39	197	7.32192809488736
41	197	4
42	197	10.6309342093225
45	197	7
48	197	11.5145731728298
49	197	7.73696559416621
50	197	4.41503749927884
52	197	9.58496250072116
54	197	8
61	197	7.32192809488736
39	198	8.90327934205614
41	198	6
42	198	10.6464750602183
47	198	10.4423448452746
49	198	7.41503749927884
50	198	5.73696559416621
51	198	8
52	198	6.80735492205761
54	198	6.77760757866355
61	198	7
39	199	6.29278174922785
45	199	10.4150374992788
47	199	9.44234484527458
49	199	9.41503749927884
50	199	8.22239242133645
51	199	10
52	199	9.58496250072116
61	199	7.32192809488736
36	200	5
39	200	7.10852445677817
42	200	10.1096490805414
44	200	10.5001541129168
46	200	8.25046573233074
48	200	10.8537105577493
49	200	7.22239242133645
50	200	5.22239242133645
61	200	7
36	201	6
41	201	6
42	201	8.29855175679799
44	201	8.50015411291679
45	201	6.22239242133645
46	201	10.2504657323307
48	201	8.1926450779424
50	201	10.7369655941662
52	201	7.32192809488736
54	201	9.51457317282976
61	201	9
36	202	7.19377174339668
39	202	7.32912359629157
41	202	7.20163386116965
44	202	10.3631013609377
45	202	11
46	202	10.7519048774896
48	202	10.6691887841567
49	202	10.318919345015
50	202	8.41503749927884
52	202	9.8073549220576
55	202	8.07637538863168
61	202	9.37851162325373
36	203	5
39	203	7.27052894238072
41	203	5
42	203	10.8391201381607
44	203	10.5001541129168
45	203	6.41503749927884
48	203	11.5145731728298
49	203	7.41503749927884
50	203	6.58496250072116
54	203	7
61	203	8.58496250072116
36	204	5
39	204	6.5298209465287
41	204	4
42	204	9.96840315510566
44	204	8.99840498044462
45	204	9
48	204	10
49	204	9.41503749927884
52	204	9.32192809488736
54	204	8
61	204	8.32192809488736
32	205	2
33	205	3.3332434081152
35	205	2
36	205	5
38	205	1
39	205	7
40	205	5
41	205	4
42	205	10.7436042360621
45	205	6.41503749927884
49	205	7.41503749927884
52	205	8.8073549220576
54	205	6.77760757866355
61	205	7.32192809488736
32	206	2
33	206	3.3332434081152
35	206	2
36	206	4
38	206	3
39	206	6.16992500144231
40	206	5
41	206	4
45	206	5.22239242133645
48	206	9
49	206	6.22239242133645
50	206	3.79354912253257
52	206	7.32192809488736
54	206	5.51457317282976
61	206	4.37851162325373
32	207	2
33	207	3.3332434081152
35	207	2
36	207	3
38	207	3
39	207	6.32192809488736
40	207	5
41	207	4
42	207	10.2417058963933
45	207	5.22239242133645
48	207	10
49	207	6.73696559416621
50	207	5.58496250072116
52	207	8.32192809488736
54	207	6.36257007938471
61	207	7.16992500144231
39	208	4.51096191927738
41	208	6
42	208	7.8391201381607
45	208	7.73696559416621
47	208	7.44234484527458
48	208	7.46317402032311
50	208	11.7369655941662
51	208	11
61	208	9.58496250072116
36	209	7
39	209	6.40599235967584
41	209	8
45	209	10
46	209	9.25046573233074
48	209	10.4854268271702
49	209	10.4150374992788
50	209	8.73696559416621
52	209	10.3219280948874
54	209	9.1926450779424
61	209	8
36	210	7
39	210	6.79181407116183
41	210	7
42	210	9.13190188738854
44	210	9.50015411291679
45	210	9.22239242133645
46	210	9.25046573233074
48	210	10.0959244199985
49	210	9
50	210	8
52	210	8.32192809488736
54	210	8
61	210	8
36	211	6
39	211	6.86294724802092
42	211	9.74119371747144
44	211	9.50015411291679
45	211	10.2767447858647
46	211	10.2504657323307
47	211	11.4423448452746
48	211	10.2565793836965
49	211	10.2767447858647
50	211	11.2223924213364
51	211	11
52	211	9.32192809488736
56	211	11
61	211	9.8073549220576
36	212	7
39	212	7
41	212	7
42	212	10.0010078205376
44	212	9.50015411291679
45	212	11.2223924213364
46	212	10.2504657323307
48	212	10.9851100379223
49	212	11.2223924213364
50	212	8.73696559416621
52	212	10.8073549220576
54	212	10.5145731728298
61	212	9
0	213	5
3	213	3
4	213	4
6	213	4
11	213	2
13	213	5
22	213	4.04580368961313
31	213	4
32	213	3
33	213	3.3332434081152
41	213	6
43	213	7.63384276889129
45	213	8.91806814492
46	213	8.25046573233074
47	213	9.33958527084938
48	213	8.09953567355091
50	213	5.41503749927884
51	213	11
52	213	6.6667565918848
53	213	9.85381320850926
54	213	7.85371055774934
56	213	9.46597446450407
57	213	8.39689015256858
60	213	7
61	213	7
63	213	3.20753504002006
64	213	6.41503749927884
68	213	2.41503749927884
69	213	5
41	214	6
42	214	9.16104823304806
45	214	9.31831684133498
46	214	10.2504657323307
47	214	9.44234484527458
48	214	9.05806905625553
50	214	6.22239242133645
51	214	11
52	214	5.80735492205761
54	214	5.36257007938471
56	214	10
61	214	6
0	215	5
4	215	4
33	215	3.3332434081152
39	215	7.32192809488736
42	215	10.1610482330481
43	215	6.15384982777168
48	215	11.7776075786636
50	215	8.73696559416621
52	215	10.1699250014423
54	215	9.38838637118885
55	215	7.86297175052249
56	215	5.65535182861255
57	215	10.4150374992788
58	215	7.83657794359824
61	215	8.41953889151379
62	215	6.40599235967584
63	215	3.20753504002006
64	215	10.0761029790858
68	215	2.41503749927884
36	216	7
39	216	7.79181407116183
44	216	9.50015411291679
45	216	10.2223924213364
46	216	10.2504657323307
48	216	10.8537105577493
49	216	11.4150374992788
52	216	11.999
54	216	9.77760757866355
36	217	7
39	217	7.90448409790142
41	217	7
42	217	9.8391201381607
44	217	8.50015411291679
45	217	11.4150374992788
46	217	9.25046573233074
48	217	11.1926450779424
49	217	11.7369655941662
50	217	9
52	217	11.5849625007212
54	217	9.77760757866355
61	217	9
41	218	7.33628338786443
42	218	8.8391201381607
46	218	10.2504657323307
47	218	8.44234484527458
48	218	7.36257007938471
49	218	7.21205047711499
50	218	11.4150374992788
51	218	10
52	218	8.87897051015108
53	218	10.5205698003941
55	218	8.07637538863168
56	218	6.79701297783615
57	218	10.4150374992788
58	218	9.44426052081948
61	218	10.1957412932465
39	219	3
41	219	6
47	219	7.44234484527458
48	219	6.52892846580683
49	219	7.94485844580754
50	219	11
52	219	8
53	219	9.85381320850926
54	219	9.98576063321674
56	219	7.49825086752783
57	219	9.41503749927884
58	219	10.4442605208195
61	219	8.8073549220576
39	220	3
41	220	6
45	220	8.41503749927884
48	220	7.77760757866355
49	220	7.9196578916824
50	220	10.4150374992788
52	220	8.22689381357139
53	220	9.46557576857414
54	220	9.98576063321674
55	220	8.39830348351904
56	220	7.79181407116183
57	220	10.1456774551956
58	220	9.88222060915395
61	220	9
39	221	5.49825086752783
41	221	6.51096191927738
42	221	7.8391201381607
46	221	10.2504657323307
47	221	8.94059571280241
48	221	7.90963597234734
49	221	7.48971418557334
50	221	6
51	221	9
53	221	10.8538132085093
54	221	7.8594016698272
55	221	7.07637538863168
56	221	8
57	221	8.41503749927884
58	221	9.77696845446009
61	221	7.58496250072116
39	222	7
41	222	7
42	222	10.8391201381607
45	222	8.61077879252529
47	222	11.4423448452746
48	222	10.7947871686404
49	222	9.50037716863621
50	222	7.41503749927884
54	222	8
61	222	9.8073549220576
39	223	6.79181407116183
41	223	7
42	223	9.42408263888185
45	223	10.6097943537011
46	223	11.2504657323307
47	223	11.9421907323578
49	223	10.7481928495895
50	223	7.41503749927884
51	223	11.999
52	223	9
54	223	9.1926450779424
56	223	11.999
39	224	7.58496250072116
41	224	7
42	224	10.4240826388819
45	224	9
49	224	9.41503749927884
50	224	8.41503749927884
52	224	9
53	224	11.8538132085093
55	224	8.07637538863168
56	224	10
57	224	10.4150374992788
58	224	10.4442605208195
61	224	10
42	225	7.42408263888185
45	225	7.41503749927884
48	225	8.1926450779424
49	225	8.6667565918848
50	225	11.7369655941662
52	225	8.69627208392586
53	225	10.4387757092304
54	225	11.7776075786636
55	225	8.07637538863168
56	225	9.32192809488736
57	225	11.999
58	225	10.4442605208195
61	225	10.5849625007212
39	226	8
41	226	6.86789646399266
42	226	11.6464750602183
48	226	10.7776075786636
49	226	7.42849975908541
50	226	9.73696559416621
52	226	8.36806987653208
53	226	9.72170967250192
54	226	8.99483829488422
55	226	10.9016522186865
56	226	7.46597446450407
57	226	10.0268000593437
58	226	8.4215404443194
60	226	11
61	226	10.8715972656139
66	226	5.41503749927884
0	227	5
4	227	4
22	227	4.04580368961313
41	227	7.13750352374994
48	227	8.1926450779424
49	227	8.05021144595377
50	227	9.29032609750153
52	227	8.74281466986289
53	227	9.80334814152628
54	227	9.50371218019799
58	227	8.77696845446009
60	227	10
61	227	9.67807190511264
62	227	8.35049724708413
64	227	11
66	227	7.41503749927884
68	227	6
69	227	8.19377174339668
0	228	5
4	228	4
22	228	4.04580368961313
41	228	7.29278174922785
42	228	9.8391201381607
45	228	5.50250034052918
48	228	8.58496250072116
55	228	11.0141905574351
57	228	9.60880924267552
58	228	8.59400764032416
61	228	10.2927817492278
62	228	11.3219280948874
63	228	5.66696665865735
64	228	11
65	228	7.53198696649645
66	228	5.41503749927884
68	228	5.58496250072116
0	229	5
2	229	5
4	229	4
5	229	5
9	229	4
12	229	3.50015411291679
16	229	3
17	229	3
19	229	4
20	229	3
22	229	4.04580368961313
26	229	4
28	229	3.50015411291679
33	229	3.3332434081152
36	229	3
39	229	7
40	229	3
41	229	6.88752527074159
45	229	9.54638003840211
48	229	9.96347412397489
49	229	9.74326361806658
51	229	11
52	229	9.33360262826828
53	229	11.999
54	229	8.91784089516906
56	229	11.7542194331351
57	229	9.16457176694811
58	229	11.999
60	229	7.20163386116965
64	229	6.41503749927884
66	229	4.41503749927884
68	229	2.41503749927884
69	229	6.33628338786443
39	230	1
41	230	7
42	230	5.21763176141443
45	230	7.22239242133645
49	230	7.01792190799726
50	230	11.999
52	230	7.90448409790142
53	230	8.85381320850926
55	230	9.07637538863168
56	230	8
57	230	11.4150374992788
58	230	9.44426052081948
61	230	10.5849625007212
41	231	6
42	231	8.8391201381607
45	231	9.41503749927884
46	231	9.25046573233074
47	231	9.73512659450243
48	231	8.65861954244647
49	231	8.84966572691557
50	231	8
51	231	10
52	231	9.66106547980695
53	231	11.8538132085093
54	231	9.51457317282976
55	231	8.07637538863168
56	231	8.91169158187234
57	231	10.4150374992788
61	231	9
39	232	7
41	232	6
42	232	9.8391201381607
45	232	9.41503749927884
48	232	10.1926450779424
49	232	8.19377174339668
50	232	8.41503749927884
52	232	8.30742852519225
53	232	10.1757413033966
54	232	10
55	232	7.39830348351904
56	232	9.16992500144231
57	232	9.22239242133645
58	232	10.0292230215406
61	232	9
41	233	6.37851162325373
52	233	7.41616416473313
53	233	9.06326657413821
54	233	7.33832253313803
56	233	6.15380533607904
58	233	7.50603671840617
59	233	11.999
60	233	10.5999128421871
62	233	10.4279413325095
63	233	8.20753504002006
66	233	7.41503749927884
69	233	10.4998458870832
70	233	4.54672936598938
39	234	5.32192809488736
42	234	8.16104823304806
45	234	6
48	234	7.50007360313464
49	234	5.24285652389616
50	234	8.22239242133645
53	234	7.35206407603709
54	234	7.21056698593966
55	234	10.3580736387305
58	234	7.17761486143331
60	234	10
61	234	10.5046203924036
63	234	9.20753504002006
66	234	7.41503749927884
69	234	7
39	235	5
41	235	8
42	235	8.42408263888185
45	235	4.73696559416621
48	235	8.1926450779424
49	235	8.12653240592893
50	235	8.41503749927884
53	235	10.0960346036076
54	235	9.12338241550528
55	235	11.999
56	235	8.20945336562895
57	235	10.6572588943772
58	235	9.24903689877531
60	235	11.999
61	235	10.9164766444377
62	235	11.999
63	235	10.2075350400201
66	235	7.41503749927884
69	235	11.999
39	236	5
41	236	8
42	236	7.8391201381607
45	236	5.41503749927884
48	236	8.1926450779424
49	236	7.16457176694811
50	236	8.41503749927884
52	236	7.79181407116183
53	236	9.85381320850926
54	236	9.13281182842521
55	236	10.6401436670837
56	236	7.28540221886225
57	236	10.4150374992788
58	236	8.51464984871088
61	236	10.9056878485269
62	236	11
66	236	9.06177619758669
69	236	10
39	237	5.58496250072116
41	237	7
42	237	8.00904513960301
45	237	6.73696559416621
48	237	8.1926450779424
49	237	9.1347685560287
50	237	7.41503749927884
52	237	9.08533966935737
53	237	10.8538132085093
54	237	8.03562390973072
55	237	7.33940979446547
56	237	10.0487593119199
57	237	9.41503749927884
58	237	10.390289510335
60	237	7.93545974780529
61	237	7.20163386116965
63	237	8.20753504002006
66	237	4.41503749927884
69	237	6
39	238	5.32192809488736
41	238	8
42	238	8.42408263888185
45	238	6.41503749927884
48	238	8.51457317282976
49	238	7.60880924267552
50	238	8.73696559416621
52	238	8.29278174922785
53	238	9.85381320850926
55	238	10.0763753886317
56	238	7
57	238	10.4150374992788
61	238	11.999
39	239	4.58496250072116
41	239	7
42	239	7.42408263888185
45	239	4.41503749927884
49	239	6.75132088714328
53	239	8.85381320850926
54	239	8.1926450779424
55	239	9.66133788935284
56	239	6.58496250072116
57	239	8.41503749927884
58	239	7.44426052081948
61	239	10
39	240	5
41	240	6
42	240	7.8391201381607
45	240	10.2223924213364
48	240	8.1926450779424
49	240	9.35049724708413
50	240	7.22239242133645
52	240	7.40258575823259
53	240	9.85381320850926
54	240	7.38641682133908
56	240	8.50143914515887
57	240	8.41503749927884
58	240	9.94410640790269
60	240	6
61	240	6.56071495447448
62	240	6
39	241	5.32192809488736
42	241	9.16104823304806
45	241	5.73696559416621
48	241	9.1926450779424
50	241	8.58496250072116
52	241	7.80735492205761
54	241	9.02300182536161
55	241	11.5762212757149
56	241	8
58	241	8.44426052081948
61	241	9.94016675048282
39	242	8
41	242	8
42	242	6.8391201381607
45	242	8.58496250072116
48	242	9.36257007938471
50	242	6.41503749927884
52	242	8.29278174922785
53	242	10.8538132085093
54	242	7.51457317282976
56	242	10
57	242	10.4150374992788
58	242	11.4442605208195
61	242	6.58496250072116
0	243	5
4	243	4
22	243	4.04580368961313
33	243	3.3332434081152
39	243	6.80735492205761
41	243	6.51096191927738
42	243	8.6464750602183
48	243	10
49	243	6.86129372916841
53	243	8.35206407603709
54	243	8.80145432061792
55	243	10.7345868713835
56	243	6.67807190511264
57	243	8.46814883573841
58	243	7.19914802298295
60	243	10.0980320829605
61	243	9.92124588858559
62	243	10.2230363379019
64	243	11.5849625007212
66	243	7.41503749927884
68	243	5.73696559416621
0	244	5
4	244	4
22	244	4.04580368961313
33	244	3.3332434081152
43	244	5.22785040921546
45	244	2.41503749927884
49	244	2.41503749927884
57	244	5.09310940439148
60	244	7
61	244	8.47897180503294
63	244	11.999
64	244	8
66	244	10.4150374992788
68	244	11.999
69	244	7.29278174922785
39	245	5.58496250072116
42	245	8.8391201381607
45	245	7
48	245	7.1926450779424
49	245	5.41503749927884
50	245	7.41503749927884
52	245	5
55	245	10.7572623093514
58	245	8.17761486143331
60	245	11
61	245	10.5984247605277
62	245	11
63	245	8.20753504002006
66	245	5.80735492205761
69	245	10.5282587427584
54	246	8.1926450779424
55	246	10.7656745491676
56	246	6
58	246	6.70729492665328
60	246	10.5282587427584
62	246	10
63	246	9.20753504002006
66	246	7.41503749927884
69	246	9.52825874275841
39	247	5.58496250072116
42	247	9.8391201381607
45	247	5.58496250072116
48	247	8.35453276031929
49	247	5.70781924850669
50	247	8.41503749927884
52	247	6.66106547980695
54	247	7.91511110241349
55	247	9.87338836646783
56	247	6
58	247	7.44426052081948
61	247	9.62643913669731
49	248	6.41503749927884
54	248	8.1926450779424
55	248	10.3166897179654
56	248	6.44625622988956
58	248	6.83657794359824
60	248	9.52982094652869
61	248	9.5453506448223
63	248	9.20753504002006
66	248	7.05889368905357
69	248	9.52825874275841
0	249	5
4	249	4
22	249	4.04580368961313
33	249	3.3332434081152
36	249	3
43	249	5.22785040921546
45	249	2.41503749927884
49	249	2.41503749927884
54	249	5.84799690655495
60	249	7.52356195605701
61	249	9.25171909260596
62	249	6.26303440583379
63	249	11.8074478822072
66	249	10.4150374992788
68	249	10.4150374992788
69	249	7.39917109381982
39	250	4.32192809488736
42	250	11.1610482330481
45	250	5.22239242133645
48	250	9
49	250	6.41503749927884
50	250	10.2223924213364
52	250	8.8073549220576
54	250	8.52176867423396
55	250	10.5778145337906
56	250	6
58	250	7.44426052081948
61	250	9.79701297783615
39	251	6
42	251	8.8391201381607
45	251	5
48	251	8.1926450779424
49	251	7
50	251	8.41503749927884
52	251	7.80735492205761
54	251	8.39427893911205
55	251	11.0763753886317
56	251	7
58	251	8.44426052081948
61	251	10.083213368249
0	252	5
4	252	4
22	252	4.04580368961313
33	252	3.3332434081152
36	252	3
42	252	3.83912013816069
43	252	5.22785040921546
48	252	2.1926450779424
49	252	1.41503749927884
52	252	4.80735492205761
54	252	5.36257007938471
57	252	4.41503749927884
59	252	9
60	252	7
61	252	7.53605290024021
63	252	11.8074478822072
65	252	11.999
67	252	11.999
68	252	10.5849625007212
69	252	6.13750352374994
70	252	10.6267473950786
71	252	11.262892415278
72	252	10.9995080323769
73	252	10.7369655941662
75	252	6.33342091596419
76	252	9.58496250072116
77	252	7.7854380216882
78	252	10.4150374992788
0	253	5
4	253	4
33	253	3.3332434081152
42	253	8.16104823304806
45	253	5.72246602447109
48	253	8.77760757866355
49	253	7.73696559416621
52	253	8.8073549220576
54	253	8.59181617176222
55	253	10.3356478756693
56	253	7
59	253	11.4998458870832
60	253	11
61	253	9.56985560833095
63	253	6.1893876933098
64	253	11.999
65	253	7.53198696649645
66	253	6.45066140900957
67	253	6
68	253	5.41503749927884
69	253	11.2555007331484
70	253	6.54672936598938
73	253	5
75	253	2.33342091596419
77	253	2.7854380216882
78	253	3.41503749927884
4	254	4
55	254	11.0763753886317
59	254	9
61	254	8.98641093525205
62	254	6.74416109557041
63	254	11.6224316442316
64	254	9
65	254	10.7922008532679
67	254	10.4150374992788
68	254	10.7369655941662
70	254	11.1421733505789
4	255	4
22	255	4.04580368961313
33	255	3.3332434081152
55	255	6.66133788935284
61	255	7.85798099512757
62	255	5.58496250072116
65	255	11.3244519264764
66	255	9.41503749927884
67	255	10.4150374992788
68	255	10.4150374992788
69	255	6.52356195605701
55	256	11.6613378893528
59	256	7
65	256	11.7627279691234
66	256	11.999
67	256	10
70	256	10.8722596975569
71	256	10.5961358233932
75	256	5.33342091596419
78	256	9.41503749927884
59	257	7
61	257	6.53605290024021
65	257	10.4400793073147
69	257	7
71	257	8.92884375703381
72	257	10.7070460811865
74	257	9.90448409790142
75	257	4.33342091596419
76	257	9.58496250072116
77	257	6.7854380216882
78	257	7.41503749927884
59	258	7
61	258	7.10433665981474
65	258	11.0819641092683
69	258	8
70	258	11.5044118521545
71	258	10.5961358233932
72	258	11.3887292398516
74	258	11.999
76	258	11
65	259	10.9856691523686
70	259	10.7414862204116
71	259	11.3702639676868
72	259	11.999
73	259	11.2223924213364
74	259	11.7924649599799
75	259	4.33342091596419
76	259	11.999
77	259	7.7854380216882
78	259	10.4150374992788
48	260	4.1926450779424
54	260	5
65	260	9.04926265970603
69	260	6
70	260	9.66359312368028
70	261	11.999
71	261	11.999
72	261	11.999
73	261	11.999
74	261	11.6610654798069
76	261	11
45	262	3.73696559416621
54	262	6.1926450779424
55	262	9.07637538863168
59	262	8
61	262	8.8073549220576
62	262	6
65	262	9.1169494672176
70	262	10.7166543674317
71	262	9.59613582339321
73	262	10.0746766862945
74	262	10.5849625007212
75	262	8.33342091596419
78	262	10.2223924213364
65	263	9.59592127225054
70	263	9.83951111521722
71	263	10.000425887838
72	263	10.8687788895674
45	264	2.41503749927884
54	264	3.1926450779424
59	264	4
61	264	4
62	264	4
70	264	7.54672936598938
71	264	8.59613582339321
75	264	10.5482257109122
78	264	6.75132088714328
45	265	3.73696559416621
48	265	5.1926450779424
54	265	5.08017034868398
55	265	9.12948672509124
59	265	7.58496250072116
61	265	8.60288440871842
62	265	4.58496250072116
65	265	8.1169494672176
70	265	9.54672936598938
71	265	8.59613582339321
72	265	9.38872923985156
73	265	8.41503749927884
74	265	9.58496250072116
75	265	7.33342091596419
76	265	10
77	265	8.5927929437458
78	265	9.41503749927884
71	266	11.1810983241144
72	266	11.3887292398516
74	266	11.5849625007212
76	266	11.5849625007212
45	267	2.41503749927884
54	267	4.1926450779424
55	267	6.07637538863168
59	267	5
62	267	4
70	267	10.5467293659894
71	267	10.5961358233932
73	267	9.41503749927884
77	267	11.7854380216882
78	267	9.62058641045188
45	268	5.73696559416621
54	268	7.1926450779424
59	268	8.8073549220576
61	268	10
62	268	8
65	268	9.85391506138381
71	268	10.5961358233932
72	268	11.611121661188
73	268	11.0739630107712
74	268	11.1699250014423
75	268	7.33342091596419
77	268	9.5927929437458
78	268	11.999
54	269	5.1926450779424
55	269	6.39830348351904
59	269	5.32192809488736
62	269	4.58496250072116
70	269	7.54672936598938
71	269	7.09438669092103
72	269	6.61112166118801
74	269	7
75	269	10.6665762662748
77	269	11.1185933719988
78	269	9.08179409116365
45	270	2.41503749927884
54	270	5.51457317282976
55	270	7.88373031068929
61	270	8.32192809488736
62	270	5.32192809488736
70	270	9.54672936598938
71	270	10.5961358233932
73	270	10.7369655941662
75	270	11.999
77	270	11.999
78	270	10.2866347648927
45	271	2.41503749927884
54	271	3.77760757866355
55	271	5.66133788935284
59	271	4.58496250072116
61	271	6
62	271	4
70	271	9.54672936598938
71	271	9.59613582339321
73	271	9.22239242133645
75	271	11.000177507849
77	271	11.452194613573
78	271	8.08179409116365
45	272	2.41503749927884
54	272	5.77760757866355
55	272	7.39830348351904
59	272	5.58496250072116
61	272	7.32192809488736
62	272	5.58496250072116
65	272	7.85391506138381
70	272	8.70861704836627
71	272	8.88891757262105
72	272	10.3887292398516
73	272	9.0703893278914
75	272	11.7233748494289
77	272	11.999
78	272	9.62058641045188